024 024 024 024 024 024 024 024 024 024 024 024 024 024 024 024 024 024 024 024 024 024 024 024 024 024 024 024 024 024 024 024 024 024 024 024 024 024 024 024
024 024 024 024 024 024 024 024 024 024 024 024 024 024 024 024 024 024 024 024 024 024 024 024 024 024 024 024 024 024 024 024 024 024 024 024 024 024 024 024
024 024 024 024 024 024 024 024 024 024 024 024 024 024 024 024 024 024 024 024 024 024 024 024 024 024 024 024 024 024 024 024 024 024 024 024 024 024 024 024
024 024 024 024 024 024 024 024 024 024 024 024 024 024 024 024 024 024 024 024 024 024 024 024 024 024 024 024 024 024 024 024 024 024 024 024 024 024 024 024
024 024 024 024 024 024 024 024 024 024 024 024 024 024 024 024 024 024 024 024 024 024 024 024 024 024 024 024 024 024 024 024 024 024 024 024 024 024 024 024
024 024 024 024 024 024 024 024 024 024 024 024 024 024 024 024 024 024 024 024 024 024 024 024 024 024 024 024 024 024 024 024 024 024 024 024 024 024 024 024
024 024 024 024 024 024 024 024 024 024 024 024 024 024 024 024 024 024 024 024 024 024 024 024 024 024 024 024 024 024 024 024 024 024 024 024 024 024 024 024
024 024 024 024 024 024 024 024 024 024 024 024 024 024 024 024 024 024 024 024 024 024 024 024 024 024 024 024 024 024 024 024 024 024 024 024 024 024 024 024
024 024 024 024 024 024 024 024 024 024 024 024 024 024 024 024 024 024 024 024 024 024 024 024 024 024 024 024 024 024 024 024 024 024 024 024 024 024 024 024
024 024 024 024 024 024 024 024 024 024 024 024 024 024 024 024 024 024 024 024 024 024 024 024 024 024 024 024 024 024 024 024 024 024 024 024 024 024 024 024
024 024 024 024 024 024 024 024 024 024 024 024 024 024 024 024 024 024 024 024 024 024 024 024 024 024 024 024 024 024 024 024 024 024 024 024 024 024 024 024
024 024 024 024 024 024 024 024 024 024 024 024 024 024 024 024 024 024 024 024 024 024 024 024 024 024 024 024 024 024 024 024 024 024 024 024 024 024 024 024
024 024 024 024 024 024 024 024 024 024 024 024 024 024 024 024 024 024 024 024 024 024 024 024 024 024 024 024 024 024 024 024 024 024 024 024 024 024 024 024
024 024 024 024 024 024 024 024 024 024 024 024 024 024 024 024 024 024 024 024 024 024 024 024 024 024 024 024 024 024 024 024 024 024 024 024 024 024 024 024
024 024 024 024 024 024 024 024 024 024 024 024 024 024 024 024 024 024 024 024 024 024 024 024 024 024 024 024 024 024 024 024 024 024 024 024 024 024 024 024
024 024 024 024 024 024 024 024 024 024 024 024 024 024 024 024 024 024 024 024 024 024 024 024 024 024 024 024 024 024 024 024 024 024 024 024 024 024 024 024
024 024 024 024 024 024 024 024 024 024 024 024 024 024 024 024 024 024 024 024 024 024 024 024 024 024 024 024 024 024 024 024 024 024 024 024 024 024 024 024
024 024 024 024 024 024 024 024 024 024 024 024 024 024 024 024 024 024 024 024 024 024 024 024 024 024 024 024 024 024 024 024 024 024 024 024 024 024 024 024
024 024 024 024 024 024 024 024 024 024 024 024 024 024 024 024 024 024 024 024 024 024 024 024 024 024 024 024 024 024 024 024 024 024 024 024 024 024 024 024
024 024 024 024 024 024 024 024 024 024 024 024 024 024 024 024 024 024 024 024 024 024 024 024 024 024 024 024 024 024 024 024 024 024 024 024 024 024 024 024
024 024 024 024 024 024 024 024 024 024 024 024 024 024 024 024 024 024 024 024 024 024 024 024 024 024 024 024 024 024 024 024 024 024 024 024 024 024 024 024
024 024 024 024 024 024 024 024 024 024 024 024 024 024 024 024 024 024 024 024 024 024 024 024 024 024 024 024 024 024 024 024 024 024 024 024 024 024 024 024
024 024 024 024 024 024 024 024 024 024 024 024 024 024 024 024 024 024 024 024 024 024 024 024 024 024 024 024 024 024 024 024 024 024 024 024 024 024 024 024
#>break<#
001 001 001 001 001 001 001 001 001 001 001 001 001 001 001 001 001 001 001 001 001 001 001 001 001 001 001 001 001 001 001 001 001 001 001 001 001 001 001 001
001 000 000 000 000 000 000 055 000 000 000 000 000 000 055 000 000 000 000 000 000 000 000 000 000 000 000 000 000 000 000 000 000 055 000 056 000 000 000 001
001 000 000 000 000 000 000 000 000 000 000 000 000 000 000 000 000 000 000 000 000 000 056 056 000 000 000 000 000 056 000 055 055 055 000 056 000 000 000 001
001 055 055 056 000 000 000 000 000 056 000 056 000 000 000 000 000 055 056 000 000 056 000 000 000 056 056 000 000 000 000 056 000 055 000 000 000 056 000 001
001 000 000 000 000 000 056 000 000 000 056 000 000 000 000 000 000 000 000 000 000 000 000 000 000 000 000 000 000 000 000 000 000 000 055 000 000 000 000 001
001 000 000 000 000 000 000 000 000 000 055 000 000 000 000 000 000 055 000 055 000 055 000 000 000 056 055 000 000 055 000 000 055 055 000 000 000 000 055 001
001 000 056 000 000 000 055 000 000 055 056 000 056 000 000 000 000 000 000 000 000 000 000 055 000 000 056 000 000 056 000 055 000 000 055 000 000 000 000 001
001 000 000 000 000 000 000 000 000 000 055 000 000 000 056 055 000 055 000 000 000 000 000 000 000 000 000 000 056 000 000 000 000 000 055 000 000 000 055 001
001 000 000 000 000 000 000 000 000 056 000 000 000 000 000 000 000 000 000 000 055 000 000 055 000 056 000 000 000 000 000 000 000 000 000 000 000 000 055 001
001 055 000 000 056 000 000 000 000 055 056 056 000 056 000 000 000 056 000 000 000 000 000 000 000 000 055 000 000 000 000 055 000 000 000 000 000 000 000 001
001 000 000 000 000 000 000 000 000 000 000 000 000 055 055 000 000 056 000 000 000 000 000 000 000 000 000 000 000 000 055 000 000 000 055 000 000 000 000 001
001 000 000 000 000 000 000 000 056 000 000 056 000 000 000 055 000 000 000 000 000 000 000 000 000 000 000 000 000 000 056 000 056 000 056 055 000 000 000 001
001 000 000 055 000 000 055 000 000 000 000 000 000 000 000 055 000 056 055 000 000 000 000 000 000 000 000 000 000 000 000 000 000 055 000 000 000 000 000 001
001 055 000 000 000 056 000 000 000 000 056 000 000 000 000 000 000 000 000 000 000 000 056 000 056 000 000 000 000 000 000 000 000 000 000 000 000 000 000 001
001 055 000 056 000 000 000 056 000 000 000 055 000 056 000 000 000 000 000 000 000 000 000 000 000 056 055 000 000 056 000 000 000 000 000 000 000 055 000 001
001 000 000 000 000 000 000 000 000 056 000 000 000 000 000 000 055 000 000 000 000 055 000 000 000 000 000 000 000 055 000 000 000 000 000 055 000 056 056 001
001 056 000 000 000 000 055 000 000 000 000 000 000 055 000 000 000 000 055 000 000 000 000 055 000 000 056 000 000 000 056 000 000 000 056 000 000 000 000 001
001 055 000 056 000 056 000 000 000 055 000 000 000 056 000 000 000 000 055 000 000 056 000 000 000 000 000 000 000 056 000 000 055 056 000 000 000 056 055 001
001 055 000 000 000 000 000 000 000 000 000 000 000 000 000 000 056 000 000 000 000 000 056 000 056 000 000 000 000 000 056 000 000 000 000 000 000 000 000 001
001 000 000 000 000 000 056 000 000 000 055 000 000 000 000 000 000 000 000 000 000 000 000 000 000 000 000 000 000 000 055 056 000 000 000 000 000 000 000 001
001 000 000 000 055 000 000 000 056 055 000 056 000 000 000 000 000 000 000 000 000 055 000 000 000 000 000 000 000 056 000 000 000 000 000 055 000 000 000 001
001 000 000 000 000 000 000 055 000 000 000 055 055 000 056 000 000 056 000 000 000 000 055 000 000 000 055 000 056 000 000 000 000 055 055 000 000 000 000 001
001 001 001 001 001 001 001 001 001 001 001 001 001 001 001 001 001 001 001 001 001 001 001 001 001 001 001 001 001 001 001 001 001 001 001 001 001 001 001 001
#>break<#
### ### ### ### ### ### ### ### ### ### ### ### ### ### ### ### ### ### ### ### ### ### ### ### ### ### ### ### ### ### ### ### ### ### ### ### ### ### ### ###
### 270 270 270 270 270 270 ### 180 270 270 270 270 270 ### 270 180 270 270 270 180 90 90 270 180 90 90 90 90 90 90 90 90 ### 180 ### 180 90 180 ###
### 0 0 0 180 180 180 180 180 90 0 0 180 180 180 180 180 90 0 180 180 90 ### ### 180 90 90 90 90 ### 180 ### ### ### 180 ### 180 90 180 ###
### ### ### ### 270 180 270 180 180 ### 0 ### 270 270 270 270 180 ### ### 270 180 ### 180 90 180 ### ### 180 180 180 180 ### 180 ### 270 180 180 ### 180 ###
### 180 270 180 270 180 ### 180 180 90 ### 180 270 270 270 270 180 270 180 270 180 90 180 90 180 90 90 90 90 90 90 90 90 90 ### 180 180 180 90 ###
### 180 270 180 270 180 270 180 180 90 ### 180 270 270 270 270 180 ### 180 ### 180 ### 180 90 180 ### ### 180 90 ### 180 90 ### ### 270 180 180 180 ### ###
### 180 ### 180 270 180 ### 180 180 ### ### 180 ### 270 270 270 180 270 270 180 270 180 90 ### 180 90 ### 180 90 ### 180 ### 180 180 ### 180 180 180 90 ###
### 270 180 180 270 180 180 180 180 90 ### 270 180 180 ### ### 180 ### 270 180 270 180 90 90 180 90 90 90 ### 180 90 90 90 90 ### 180 180 180 ### ###
### 270 180 180 270 180 180 180 180 ### 270 270 180 270 270 270 180 270 270 180 ### 180 90 ### 180 ### 0 180 180 180 90 90 90 90 90 90 90 90 ### ###
### ### 180 180 ### 180 180 180 180 ### ### ### 180 ### 270 270 180 ### 270 180 180 180 90 180 90 90 ### 180 180 180 90 ### 180 180 90 90 90 90 90 ###
### 270 270 270 270 270 270 270 270 270 270 270 180 ### ### 270 180 ### 270 180 180 180 90 180 90 90 90 90 90 90 ### 180 90 90 ### 0 180 180 180 ###
### 270 270 270 270 270 270 180 ### 180 180 ### 270 270 180 ### 180 270 270 180 180 180 90 180 90 90 90 90 90 90 ### 180 ### 0 ### ### 180 180 180 ###
### 0 0 ### 0 0 ### 270 270 270 270 270 270 270 180 ### 180 ### ### 180 180 180 90 180 90 90 90 90 90 90 90 90 90 ### 180 180 180 180 180 ###
### ### 180 270 180 ### 270 270 180 180 ### 270 270 270 180 180 180 180 180 180 180 180 ### 180 ### 0 0 180 180 90 90 90 90 90 90 90 90 90 90 ###
### ### 180 ### 180 180 180 ### 270 270 180 ### 180 ### 270 270 270 270 270 270 270 270 180 90 90 ### ### 180 180 ### 0 0 0 0 0 0 0 ### 0 ###
### 270 270 270 270 270 270 180 180 ### 270 270 270 270 0 0 ### 270 270 180 180 ### 180 90 90 90 90 90 90 ### 0 0 0 0 0 ### 0 ### ### ###
### ### 0 0 0 0 ### 270 270 270 0 0 0 ### 270 270 270 0 ### 270 270 270 000 ### 180 180 ### 180 180 90 ### 0 0 0 ### 270 0 90 90 ###
### ### 180 ### 180 ### 270 0 0 ### 0 0 0 ### 270 270 270 180 ### 0 0 ### 0 90 90 90 90 90 90 ### 270 0 ### ### 180 270 0 ### ### ###
### ### 270 270 270 270 270 270 270 270 270 180 180 180 180 180 ### 270 270 0 0 90 ### 0 ### 0 0 0 0 90 ### 0 90 90 90 90 0 90 90 ###
### 270 0 0 0 0 ### 0 0 0 ### 270 270 270 270 270 270 270 270 0 0 270 270 0 90 0 0 0 0 90 ### ### 0 0 0 0 0 90 90 ###
### 270 0 0 ### 0 270 0 ### ### QQQ ### 270 270 270 270 270 270 270 0 0 ### 270 0 90 0 0 0 0 ### 270 270 0 0 0 ### 0 90 90 ###
### 270 0 0 270 0 0 ### QQQ QQQ QQQ ### ### 0 ### 0 0 ### 270 0 0 90 ### 0 90 0 ### 0 ### 270 270 270 0 ### ### 270 0 90 90 ###
### ### ### ### ### ### ### ### ### ### ### ### ### ### ### ### ### ### ### ### ### ### ### ### ### ### ### ### ### ### ### ### ### ### ### ### ### ### ### ###
#>break<#
